{
 "cells": [
  {
   "cell_type": "code",
   "execution_count": 1,
   "id": "d595ec8e",
   "metadata": {},
   "outputs": [
    {
     "name": "stdout",
     "output_type": "stream",
     "text": [
      "Tracking URI : sqlite:///c:/Users/yoann/Documents/open classrooms/projet 8/livrables/pret a dépenser/mlflow.db\n",
      "DB_PATH      : c:\\Users\\yoann\\Documents\\open classrooms\\projet 8\\livrables\\pret a dépenser\\mlflow.db\n"
     ]
    }
   ],
   "source": [
    "import pandas as pd\n",
    "import mlflow\n",
    "from pathlib import Path\n",
    "from mlflow.tracking import MlflowClient\n",
    "\n",
    "CWD = Path.cwd()\n",
    "PROJECT_ROOT = CWD.parent.parent\n",
    "DB_PATH = PROJECT_ROOT / \"mlflow.db\"\n",
    "\n",
    "mlflow.set_tracking_uri(f\"sqlite:///{DB_PATH.as_posix()}\")\n",
    "mlflow.set_experiment(\"home_credit_benchmarking\")\n",
    "\n",
    "print(\"Tracking URI :\", mlflow.get_tracking_uri())\n",
    "print(\"DB_PATH      :\", DB_PATH)"
   ]
  },
  {
   "cell_type": "code",
   "execution_count": 2,
   "id": "a4afed2f",
   "metadata": {},
   "outputs": [
    {
     "name": "stdout",
     "output_type": "stream",
     "text": [
      "Nombre de runs benchmark_baseline : 6\n"
     ]
    },
    {
     "data": {
      "text/html": [
       "<div>\n",
       "<style scoped>\n",
       "    .dataframe tbody tr th:only-of-type {\n",
       "        vertical-align: middle;\n",
       "    }\n",
       "\n",
       "    .dataframe tbody tr th {\n",
       "        vertical-align: top;\n",
       "    }\n",
       "\n",
       "    .dataframe thead th {\n",
       "        text-align: right;\n",
       "    }\n",
       "</style>\n",
       "<table border=\"1\" class=\"dataframe\">\n",
       "  <thead>\n",
       "    <tr style=\"text-align: right;\">\n",
       "      <th></th>\n",
       "      <th>run_id</th>\n",
       "      <th>experiment_id</th>\n",
       "      <th>status</th>\n",
       "      <th>artifact_uri</th>\n",
       "      <th>start_time</th>\n",
       "      <th>end_time</th>\n",
       "      <th>metrics.fold_pred_time_sec</th>\n",
       "      <th>metrics.f1_mean_fixed_threshold</th>\n",
       "      <th>metrics.auc_mean</th>\n",
       "      <th>metrics.fbeta_3_std_fixed_threshold</th>\n",
       "      <th>...</th>\n",
       "      <th>tags.dataset</th>\n",
       "      <th>tags.mlflow.source.git.commit</th>\n",
       "      <th>tags.threshold_fixed</th>\n",
       "      <th>tags.fbeta_beta</th>\n",
       "      <th>tags.cost_fp</th>\n",
       "      <th>tags.n_features</th>\n",
       "      <th>tags.mlflow.runName</th>\n",
       "      <th>tags.model_type</th>\n",
       "      <th>tags.n_rows</th>\n",
       "      <th>tags.lgb_categorical_cols_n</th>\n",
       "    </tr>\n",
       "  </thead>\n",
       "  <tbody>\n",
       "    <tr>\n",
       "      <th>0</th>\n",
       "      <td>5730e10f985d4bb28946737d903061bc</td>\n",
       "      <td>1</td>\n",
       "      <td>FINISHED</td>\n",
       "      <td>file:///C:/Users/yoann/Documents/open%20classr...</td>\n",
       "      <td>2026-02-16 09:14:37.143000+00:00</td>\n",
       "      <td>2026-02-16 09:21:29.975000+00:00</td>\n",
       "      <td>0.284682</td>\n",
       "      <td>0.276256</td>\n",
       "      <td>0.769348</td>\n",
       "      <td>0.008960</td>\n",
       "      <td>...</td>\n",
       "      <td>train_split</td>\n",
       "      <td>c469ec1d4ccf08b5e4814b550568779d418adbf5</td>\n",
       "      <td>0.5</td>\n",
       "      <td>3.0</td>\n",
       "      <td>1</td>\n",
       "      <td>1656</td>\n",
       "      <td>CatBoost</td>\n",
       "      <td>boosting</td>\n",
       "      <td>215257</td>\n",
       "      <td>None</td>\n",
       "    </tr>\n",
       "    <tr>\n",
       "      <th>1</th>\n",
       "      <td>b9ec0a1ffa7e40ad923d5f78edd6a315</td>\n",
       "      <td>1</td>\n",
       "      <td>FINISHED</td>\n",
       "      <td>file:///C:/Users/yoann/Documents/open%20classr...</td>\n",
       "      <td>2026-02-16 08:54:30.017000+00:00</td>\n",
       "      <td>2026-02-16 09:03:46.476000+00:00</td>\n",
       "      <td>0.734307</td>\n",
       "      <td>0.303637</td>\n",
       "      <td>0.782161</td>\n",
       "      <td>0.011238</td>\n",
       "      <td>...</td>\n",
       "      <td>train_split</td>\n",
       "      <td>c469ec1d4ccf08b5e4814b550568779d418adbf5</td>\n",
       "      <td>0.5</td>\n",
       "      <td>3.0</td>\n",
       "      <td>1</td>\n",
       "      <td>1656</td>\n",
       "      <td>XGBoost</td>\n",
       "      <td>boosting</td>\n",
       "      <td>215257</td>\n",
       "      <td>None</td>\n",
       "    </tr>\n",
       "    <tr>\n",
       "      <th>2</th>\n",
       "      <td>835f4e494920416797ac8122cf3003ec</td>\n",
       "      <td>1</td>\n",
       "      <td>FINISHED</td>\n",
       "      <td>file:///C:/Users/yoann/Documents/open%20classr...</td>\n",
       "      <td>2026-02-16 08:43:32.736000+00:00</td>\n",
       "      <td>2026-02-16 08:52:14.326000+00:00</td>\n",
       "      <td>1.269399</td>\n",
       "      <td>0.302392</td>\n",
       "      <td>0.782745</td>\n",
       "      <td>0.009920</td>\n",
       "      <td>...</td>\n",
       "      <td>train_split</td>\n",
       "      <td>c469ec1d4ccf08b5e4814b550568779d418adbf5</td>\n",
       "      <td>0.5</td>\n",
       "      <td>3.0</td>\n",
       "      <td>1</td>\n",
       "      <td>1656</td>\n",
       "      <td>LightGBM</td>\n",
       "      <td>boosting</td>\n",
       "      <td>215257</td>\n",
       "      <td>14</td>\n",
       "    </tr>\n",
       "    <tr>\n",
       "      <th>3</th>\n",
       "      <td>80afb0aae0fb4789b0adabb421178a64</td>\n",
       "      <td>1</td>\n",
       "      <td>FINISHED</td>\n",
       "      <td>file:///C:/Users/yoann/Documents/open%20classr...</td>\n",
       "      <td>2026-02-16 07:36:08.281000+00:00</td>\n",
       "      <td>2026-02-16 08:20:02.899000+00:00</td>\n",
       "      <td>5.217700</td>\n",
       "      <td>0.035242</td>\n",
       "      <td>0.757326</td>\n",
       "      <td>0.009455</td>\n",
       "      <td>...</td>\n",
       "      <td>train_split</td>\n",
       "      <td>c469ec1d4ccf08b5e4814b550568779d418adbf5</td>\n",
       "      <td>0.5</td>\n",
       "      <td>3.0</td>\n",
       "      <td>1</td>\n",
       "      <td>1656</td>\n",
       "      <td>MLP</td>\n",
       "      <td>sklearn</td>\n",
       "      <td>215257</td>\n",
       "      <td>None</td>\n",
       "    </tr>\n",
       "    <tr>\n",
       "      <th>4</th>\n",
       "      <td>632478405a6147a6b9f9a1c819009a2f</td>\n",
       "      <td>1</td>\n",
       "      <td>FINISHED</td>\n",
       "      <td>file:///C:/Users/yoann/Documents/open%20classr...</td>\n",
       "      <td>2026-02-16 07:10:42.136000+00:00</td>\n",
       "      <td>2026-02-16 07:34:39.505000+00:00</td>\n",
       "      <td>5.220648</td>\n",
       "      <td>0.000000</td>\n",
       "      <td>0.743083</td>\n",
       "      <td>0.000000</td>\n",
       "      <td>...</td>\n",
       "      <td>train_split</td>\n",
       "      <td>c469ec1d4ccf08b5e4814b550568779d418adbf5</td>\n",
       "      <td>0.5</td>\n",
       "      <td>3.0</td>\n",
       "      <td>1</td>\n",
       "      <td>1656</td>\n",
       "      <td>RandomForest</td>\n",
       "      <td>sklearn</td>\n",
       "      <td>215257</td>\n",
       "      <td>None</td>\n",
       "    </tr>\n",
       "  </tbody>\n",
       "</table>\n",
       "<p>5 rows × 220 columns</p>\n",
       "</div>"
      ],
      "text/plain": [
       "                             run_id experiment_id    status  \\\n",
       "0  5730e10f985d4bb28946737d903061bc             1  FINISHED   \n",
       "1  b9ec0a1ffa7e40ad923d5f78edd6a315             1  FINISHED   \n",
       "2  835f4e494920416797ac8122cf3003ec             1  FINISHED   \n",
       "3  80afb0aae0fb4789b0adabb421178a64             1  FINISHED   \n",
       "4  632478405a6147a6b9f9a1c819009a2f             1  FINISHED   \n",
       "\n",
       "                                        artifact_uri  \\\n",
       "0  file:///C:/Users/yoann/Documents/open%20classr...   \n",
       "1  file:///C:/Users/yoann/Documents/open%20classr...   \n",
       "2  file:///C:/Users/yoann/Documents/open%20classr...   \n",
       "3  file:///C:/Users/yoann/Documents/open%20classr...   \n",
       "4  file:///C:/Users/yoann/Documents/open%20classr...   \n",
       "\n",
       "                        start_time                         end_time  \\\n",
       "0 2026-02-16 09:14:37.143000+00:00 2026-02-16 09:21:29.975000+00:00   \n",
       "1 2026-02-16 08:54:30.017000+00:00 2026-02-16 09:03:46.476000+00:00   \n",
       "2 2026-02-16 08:43:32.736000+00:00 2026-02-16 08:52:14.326000+00:00   \n",
       "3 2026-02-16 07:36:08.281000+00:00 2026-02-16 08:20:02.899000+00:00   \n",
       "4 2026-02-16 07:10:42.136000+00:00 2026-02-16 07:34:39.505000+00:00   \n",
       "\n",
       "   metrics.fold_pred_time_sec  metrics.f1_mean_fixed_threshold  \\\n",
       "0                    0.284682                         0.276256   \n",
       "1                    0.734307                         0.303637   \n",
       "2                    1.269399                         0.302392   \n",
       "3                    5.217700                         0.035242   \n",
       "4                    5.220648                         0.000000   \n",
       "\n",
       "   metrics.auc_mean  metrics.fbeta_3_std_fixed_threshold  ...  tags.dataset  \\\n",
       "0          0.769348                             0.008960  ...   train_split   \n",
       "1          0.782161                             0.011238  ...   train_split   \n",
       "2          0.782745                             0.009920  ...   train_split   \n",
       "3          0.757326                             0.009455  ...   train_split   \n",
       "4          0.743083                             0.000000  ...   train_split   \n",
       "\n",
       "              tags.mlflow.source.git.commit  tags.threshold_fixed  \\\n",
       "0  c469ec1d4ccf08b5e4814b550568779d418adbf5                   0.5   \n",
       "1  c469ec1d4ccf08b5e4814b550568779d418adbf5                   0.5   \n",
       "2  c469ec1d4ccf08b5e4814b550568779d418adbf5                   0.5   \n",
       "3  c469ec1d4ccf08b5e4814b550568779d418adbf5                   0.5   \n",
       "4  c469ec1d4ccf08b5e4814b550568779d418adbf5                   0.5   \n",
       "\n",
       "   tags.fbeta_beta  tags.cost_fp  tags.n_features  tags.mlflow.runName  \\\n",
       "0              3.0             1             1656             CatBoost   \n",
       "1              3.0             1             1656              XGBoost   \n",
       "2              3.0             1             1656             LightGBM   \n",
       "3              3.0             1             1656                  MLP   \n",
       "4              3.0             1             1656         RandomForest   \n",
       "\n",
       "   tags.model_type  tags.n_rows  tags.lgb_categorical_cols_n  \n",
       "0         boosting       215257                         None  \n",
       "1         boosting       215257                         None  \n",
       "2         boosting       215257                           14  \n",
       "3          sklearn       215257                         None  \n",
       "4          sklearn       215257                         None  \n",
       "\n",
       "[5 rows x 220 columns]"
      ]
     },
     "metadata": {},
     "output_type": "display_data"
    }
   ],
   "source": [
    "client = MlflowClient()\n",
    "exp = client.get_experiment_by_name(\"home_credit_benchmarking\")\n",
    "\n",
    "if exp is None:\n",
    "    raise ValueError(\"Experiment 'home_credit_benchmarking' introuvable\")\n",
    "\n",
    "runs = mlflow.search_runs(\n",
    "    experiment_ids=[exp.experiment_id],\n",
    "    filter_string='tags.phase = \"benchmark_baseline\"',\n",
    ")\n",
    "\n",
    "print(\"Nombre de runs benchmark_baseline :\", len(runs))\n",
    "display(runs.head())"
   ]
  },
  {
   "cell_type": "code",
   "execution_count": 3,
   "id": "98a632d6",
   "metadata": {},
   "outputs": [
    {
     "data": {
      "text/html": [
       "<div>\n",
       "<style scoped>\n",
       "    .dataframe tbody tr th:only-of-type {\n",
       "        vertical-align: middle;\n",
       "    }\n",
       "\n",
       "    .dataframe tbody tr th {\n",
       "        vertical-align: top;\n",
       "    }\n",
       "\n",
       "    .dataframe thead th {\n",
       "        text-align: right;\n",
       "    }\n",
       "</style>\n",
       "<table border=\"1\" class=\"dataframe\">\n",
       "  <thead>\n",
       "    <tr style=\"text-align: right;\">\n",
       "      <th></th>\n",
       "      <th>model</th>\n",
       "      <th>model_type</th>\n",
       "      <th>auc</th>\n",
       "      <th>auc_std</th>\n",
       "      <th>recall</th>\n",
       "      <th>recall_std</th>\n",
       "      <th>f1</th>\n",
       "      <th>f1_std</th>\n",
       "      <th>f3</th>\n",
       "      <th>f3_std</th>\n",
       "      <th>business_cost</th>\n",
       "      <th>business_cost_std</th>\n",
       "      <th>time_sec</th>\n",
       "      <th>threshold_fixed</th>\n",
       "      <th>run_id</th>\n",
       "    </tr>\n",
       "  </thead>\n",
       "  <tbody>\n",
       "    <tr>\n",
       "      <th>0</th>\n",
       "      <td>CatBoost</td>\n",
       "      <td>boosting</td>\n",
       "      <td>0.769348</td>\n",
       "      <td>0.006078</td>\n",
       "      <td>0.696668</td>\n",
       "      <td>0.012290</td>\n",
       "      <td>0.276256</td>\n",
       "      <td>0.004383</td>\n",
       "      <td>0.534102</td>\n",
       "      <td>0.008960</td>\n",
       "      <td>22173.8</td>\n",
       "      <td>435.234374</td>\n",
       "      <td>414.024441</td>\n",
       "      <td>0.5</td>\n",
       "      <td>5730e10f985d4bb28946737d903061bc</td>\n",
       "    </tr>\n",
       "    <tr>\n",
       "      <th>1</th>\n",
       "      <td>XGBoost</td>\n",
       "      <td>boosting</td>\n",
       "      <td>0.782161</td>\n",
       "      <td>0.005322</td>\n",
       "      <td>0.642746</td>\n",
       "      <td>0.013949</td>\n",
       "      <td>0.303637</td>\n",
       "      <td>0.006421</td>\n",
       "      <td>0.525389</td>\n",
       "      <td>0.011238</td>\n",
       "      <td>21420.4</td>\n",
       "      <td>521.001958</td>\n",
       "      <td>557.525760</td>\n",
       "      <td>0.5</td>\n",
       "      <td>b9ec0a1ffa7e40ad923d5f78edd6a315</td>\n",
       "    </tr>\n",
       "    <tr>\n",
       "      <th>2</th>\n",
       "      <td>LightGBM</td>\n",
       "      <td>boosting</td>\n",
       "      <td>0.782745</td>\n",
       "      <td>0.005089</td>\n",
       "      <td>0.653852</td>\n",
       "      <td>0.012666</td>\n",
       "      <td>0.302392</td>\n",
       "      <td>0.005379</td>\n",
       "      <td>0.530527</td>\n",
       "      <td>0.009920</td>\n",
       "      <td>21311.4</td>\n",
       "      <td>456.538542</td>\n",
       "      <td>522.616138</td>\n",
       "      <td>0.5</td>\n",
       "      <td>835f4e494920416797ac8122cf3003ec</td>\n",
       "    </tr>\n",
       "    <tr>\n",
       "      <th>3</th>\n",
       "      <td>MLP</td>\n",
       "      <td>sklearn</td>\n",
       "      <td>0.757326</td>\n",
       "      <td>0.010308</td>\n",
       "      <td>0.018414</td>\n",
       "      <td>0.008562</td>\n",
       "      <td>0.035242</td>\n",
       "      <td>0.016231</td>\n",
       "      <td>0.020358</td>\n",
       "      <td>0.009455</td>\n",
       "      <td>34178.2</td>\n",
       "      <td>263.050870</td>\n",
       "      <td>2635.282503</td>\n",
       "      <td>0.5</td>\n",
       "      <td>80afb0aae0fb4789b0adabb421178a64</td>\n",
       "    </tr>\n",
       "    <tr>\n",
       "      <th>4</th>\n",
       "      <td>RandomForest</td>\n",
       "      <td>sklearn</td>\n",
       "      <td>0.743083</td>\n",
       "      <td>0.005828</td>\n",
       "      <td>0.000000</td>\n",
       "      <td>0.000000</td>\n",
       "      <td>0.000000</td>\n",
       "      <td>0.000000</td>\n",
       "      <td>0.000000</td>\n",
       "      <td>0.000000</td>\n",
       "      <td>34754.0</td>\n",
       "      <td>4.898979</td>\n",
       "      <td>1438.236524</td>\n",
       "      <td>0.5</td>\n",
       "      <td>632478405a6147a6b9f9a1c819009a2f</td>\n",
       "    </tr>\n",
       "    <tr>\n",
       "      <th>5</th>\n",
       "      <td>LogisticRegression</td>\n",
       "      <td>sklearn</td>\n",
       "      <td>0.771029</td>\n",
       "      <td>0.003856</td>\n",
       "      <td>0.694941</td>\n",
       "      <td>0.007970</td>\n",
       "      <td>0.279162</td>\n",
       "      <td>0.001735</td>\n",
       "      <td>0.535436</td>\n",
       "      <td>0.004773</td>\n",
       "      <td>22014.4</td>\n",
       "      <td>197.338896</td>\n",
       "      <td>17677.128699</td>\n",
       "      <td>0.5</td>\n",
       "      <td>e5785bf834d14c189d43e4be84d9f509</td>\n",
       "    </tr>\n",
       "  </tbody>\n",
       "</table>\n",
       "</div>"
      ],
      "text/plain": [
       "                model model_type       auc   auc_std    recall  recall_std  \\\n",
       "0            CatBoost   boosting  0.769348  0.006078  0.696668    0.012290   \n",
       "1             XGBoost   boosting  0.782161  0.005322  0.642746    0.013949   \n",
       "2            LightGBM   boosting  0.782745  0.005089  0.653852    0.012666   \n",
       "3                 MLP    sklearn  0.757326  0.010308  0.018414    0.008562   \n",
       "4        RandomForest    sklearn  0.743083  0.005828  0.000000    0.000000   \n",
       "5  LogisticRegression    sklearn  0.771029  0.003856  0.694941    0.007970   \n",
       "\n",
       "         f1    f1_std        f3    f3_std  business_cost  business_cost_std  \\\n",
       "0  0.276256  0.004383  0.534102  0.008960        22173.8         435.234374   \n",
       "1  0.303637  0.006421  0.525389  0.011238        21420.4         521.001958   \n",
       "2  0.302392  0.005379  0.530527  0.009920        21311.4         456.538542   \n",
       "3  0.035242  0.016231  0.020358  0.009455        34178.2         263.050870   \n",
       "4  0.000000  0.000000  0.000000  0.000000        34754.0           4.898979   \n",
       "5  0.279162  0.001735  0.535436  0.004773        22014.4         197.338896   \n",
       "\n",
       "       time_sec  threshold_fixed                            run_id  \n",
       "0    414.024441              0.5  5730e10f985d4bb28946737d903061bc  \n",
       "1    557.525760              0.5  b9ec0a1ffa7e40ad923d5f78edd6a315  \n",
       "2    522.616138              0.5  835f4e494920416797ac8122cf3003ec  \n",
       "3   2635.282503              0.5  80afb0aae0fb4789b0adabb421178a64  \n",
       "4   1438.236524              0.5  632478405a6147a6b9f9a1c819009a2f  \n",
       "5  17677.128699              0.5  e5785bf834d14c189d43e4be84d9f509  "
      ]
     },
     "metadata": {},
     "output_type": "display_data"
    }
   ],
   "source": [
    "cols = {\n",
    "    \"tags.model_name\": \"model\",\n",
    "    \"tags.model_type\": \"model_type\",\n",
    "\n",
    "    \"metrics.auc_mean\": \"auc\",\n",
    "    \"metrics.auc_std\": \"auc_std\",\n",
    "\n",
    "    \"metrics.recall_mean_fixed_threshold\": \"recall\",\n",
    "    \"metrics.recall_std_fixed_threshold\": \"recall_std\",\n",
    "\n",
    "    \"metrics.f1_mean_fixed_threshold\": \"f1\",\n",
    "    \"metrics.f1_std_fixed_threshold\": \"f1_std\",\n",
    "\n",
    "    \"metrics.fbeta_3_mean_fixed_threshold\": \"f3\",\n",
    "    \"metrics.fbeta_3_std_fixed_threshold\": \"f3_std\",\n",
    "\n",
    "    \"metrics.business_cost_mean_fixed_threshold\": \"business_cost\",\n",
    "    \"metrics.business_cost_std_fixed_threshold\": \"business_cost_std\",\n",
    "\n",
    "    \"metrics.train_time_sec\": \"time_sec\",\n",
    "\n",
    "    \"tags.threshold_fixed\": \"threshold_fixed\",\n",
    "    \"run_id\": \"run_id\",\n",
    "}\n",
    "use_cols = [c for c in cols if c in runs.columns]\n",
    "df_final = runs[use_cols].rename(columns={k: cols[k] for k in use_cols}).copy()\n",
    "if \"threshold_fixed\" in df_final.columns:\n",
    "    df_final[\"threshold_fixed\"] = pd.to_numeric(df_final[\"threshold_fixed\"], errors=\"coerce\")\n",
    "display(df_final)"
   ]
  },
  {
   "cell_type": "code",
   "execution_count": 4,
   "id": "0e668337",
   "metadata": {},
   "outputs": [
    {
     "name": "stdout",
     "output_type": "stream",
     "text": [
      "Runs après dédoublonnage par modèle : 6\n"
     ]
    },
    {
     "data": {
      "text/html": [
       "<div>\n",
       "<style scoped>\n",
       "    .dataframe tbody tr th:only-of-type {\n",
       "        vertical-align: middle;\n",
       "    }\n",
       "\n",
       "    .dataframe tbody tr th {\n",
       "        vertical-align: top;\n",
       "    }\n",
       "\n",
       "    .dataframe thead th {\n",
       "        text-align: right;\n",
       "    }\n",
       "</style>\n",
       "<table border=\"1\" class=\"dataframe\">\n",
       "  <thead>\n",
       "    <tr style=\"text-align: right;\">\n",
       "      <th></th>\n",
       "      <th>model</th>\n",
       "      <th>model_type</th>\n",
       "      <th>auc</th>\n",
       "      <th>auc_std</th>\n",
       "      <th>recall</th>\n",
       "      <th>recall_std</th>\n",
       "      <th>f1</th>\n",
       "      <th>f1_std</th>\n",
       "      <th>f3</th>\n",
       "      <th>f3_std</th>\n",
       "      <th>business_cost</th>\n",
       "      <th>business_cost_std</th>\n",
       "      <th>time_sec</th>\n",
       "      <th>threshold_fixed</th>\n",
       "      <th>run_id</th>\n",
       "    </tr>\n",
       "  </thead>\n",
       "  <tbody>\n",
       "    <tr>\n",
       "      <th>0</th>\n",
       "      <td>LogisticRegression</td>\n",
       "      <td>sklearn</td>\n",
       "      <td>0.771029</td>\n",
       "      <td>0.003856</td>\n",
       "      <td>0.694941</td>\n",
       "      <td>0.007970</td>\n",
       "      <td>0.279162</td>\n",
       "      <td>0.001735</td>\n",
       "      <td>0.535436</td>\n",
       "      <td>0.004773</td>\n",
       "      <td>22014.4</td>\n",
       "      <td>197.338896</td>\n",
       "      <td>17677.128699</td>\n",
       "      <td>0.5</td>\n",
       "      <td>e5785bf834d14c189d43e4be84d9f509</td>\n",
       "    </tr>\n",
       "    <tr>\n",
       "      <th>1</th>\n",
       "      <td>RandomForest</td>\n",
       "      <td>sklearn</td>\n",
       "      <td>0.743083</td>\n",
       "      <td>0.005828</td>\n",
       "      <td>0.000000</td>\n",
       "      <td>0.000000</td>\n",
       "      <td>0.000000</td>\n",
       "      <td>0.000000</td>\n",
       "      <td>0.000000</td>\n",
       "      <td>0.000000</td>\n",
       "      <td>34754.0</td>\n",
       "      <td>4.898979</td>\n",
       "      <td>1438.236524</td>\n",
       "      <td>0.5</td>\n",
       "      <td>632478405a6147a6b9f9a1c819009a2f</td>\n",
       "    </tr>\n",
       "    <tr>\n",
       "      <th>2</th>\n",
       "      <td>MLP</td>\n",
       "      <td>sklearn</td>\n",
       "      <td>0.757326</td>\n",
       "      <td>0.010308</td>\n",
       "      <td>0.018414</td>\n",
       "      <td>0.008562</td>\n",
       "      <td>0.035242</td>\n",
       "      <td>0.016231</td>\n",
       "      <td>0.020358</td>\n",
       "      <td>0.009455</td>\n",
       "      <td>34178.2</td>\n",
       "      <td>263.050870</td>\n",
       "      <td>2635.282503</td>\n",
       "      <td>0.5</td>\n",
       "      <td>80afb0aae0fb4789b0adabb421178a64</td>\n",
       "    </tr>\n",
       "    <tr>\n",
       "      <th>3</th>\n",
       "      <td>LightGBM</td>\n",
       "      <td>boosting</td>\n",
       "      <td>0.782745</td>\n",
       "      <td>0.005089</td>\n",
       "      <td>0.653852</td>\n",
       "      <td>0.012666</td>\n",
       "      <td>0.302392</td>\n",
       "      <td>0.005379</td>\n",
       "      <td>0.530527</td>\n",
       "      <td>0.009920</td>\n",
       "      <td>21311.4</td>\n",
       "      <td>456.538542</td>\n",
       "      <td>522.616138</td>\n",
       "      <td>0.5</td>\n",
       "      <td>835f4e494920416797ac8122cf3003ec</td>\n",
       "    </tr>\n",
       "    <tr>\n",
       "      <th>4</th>\n",
       "      <td>XGBoost</td>\n",
       "      <td>boosting</td>\n",
       "      <td>0.782161</td>\n",
       "      <td>0.005322</td>\n",
       "      <td>0.642746</td>\n",
       "      <td>0.013949</td>\n",
       "      <td>0.303637</td>\n",
       "      <td>0.006421</td>\n",
       "      <td>0.525389</td>\n",
       "      <td>0.011238</td>\n",
       "      <td>21420.4</td>\n",
       "      <td>521.001958</td>\n",
       "      <td>557.525760</td>\n",
       "      <td>0.5</td>\n",
       "      <td>b9ec0a1ffa7e40ad923d5f78edd6a315</td>\n",
       "    </tr>\n",
       "    <tr>\n",
       "      <th>5</th>\n",
       "      <td>CatBoost</td>\n",
       "      <td>boosting</td>\n",
       "      <td>0.769348</td>\n",
       "      <td>0.006078</td>\n",
       "      <td>0.696668</td>\n",
       "      <td>0.012290</td>\n",
       "      <td>0.276256</td>\n",
       "      <td>0.004383</td>\n",
       "      <td>0.534102</td>\n",
       "      <td>0.008960</td>\n",
       "      <td>22173.8</td>\n",
       "      <td>435.234374</td>\n",
       "      <td>414.024441</td>\n",
       "      <td>0.5</td>\n",
       "      <td>5730e10f985d4bb28946737d903061bc</td>\n",
       "    </tr>\n",
       "  </tbody>\n",
       "</table>\n",
       "</div>"
      ],
      "text/plain": [
       "                model model_type       auc   auc_std    recall  recall_std  \\\n",
       "0  LogisticRegression    sklearn  0.771029  0.003856  0.694941    0.007970   \n",
       "1        RandomForest    sklearn  0.743083  0.005828  0.000000    0.000000   \n",
       "2                 MLP    sklearn  0.757326  0.010308  0.018414    0.008562   \n",
       "3            LightGBM   boosting  0.782745  0.005089  0.653852    0.012666   \n",
       "4             XGBoost   boosting  0.782161  0.005322  0.642746    0.013949   \n",
       "5            CatBoost   boosting  0.769348  0.006078  0.696668    0.012290   \n",
       "\n",
       "         f1    f1_std        f3    f3_std  business_cost  business_cost_std  \\\n",
       "0  0.279162  0.001735  0.535436  0.004773        22014.4         197.338896   \n",
       "1  0.000000  0.000000  0.000000  0.000000        34754.0           4.898979   \n",
       "2  0.035242  0.016231  0.020358  0.009455        34178.2         263.050870   \n",
       "3  0.302392  0.005379  0.530527  0.009920        21311.4         456.538542   \n",
       "4  0.303637  0.006421  0.525389  0.011238        21420.4         521.001958   \n",
       "5  0.276256  0.004383  0.534102  0.008960        22173.8         435.234374   \n",
       "\n",
       "       time_sec  threshold_fixed                            run_id  \n",
       "0  17677.128699              0.5  e5785bf834d14c189d43e4be84d9f509  \n",
       "1   1438.236524              0.5  632478405a6147a6b9f9a1c819009a2f  \n",
       "2   2635.282503              0.5  80afb0aae0fb4789b0adabb421178a64  \n",
       "3    522.616138              0.5  835f4e494920416797ac8122cf3003ec  \n",
       "4    557.525760              0.5  b9ec0a1ffa7e40ad923d5f78edd6a315  \n",
       "5    414.024441              0.5  5730e10f985d4bb28946737d903061bc  "
      ]
     },
     "metadata": {},
     "output_type": "display_data"
    }
   ],
   "source": [
    "if \"model\" in df_final.columns and \"start_time\" in runs.columns:\n",
    "    tmp = df_final.copy()\n",
    "    tmp[\"start_time\"] = runs[\"start_time\"].values\n",
    "\n",
    "    df_final = (\n",
    "        tmp.sort_values(\"start_time\")\n",
    "           .groupby(\"model\", as_index=False)\n",
    "           .tail(1)\n",
    "           .drop(columns=[\"start_time\"])\n",
    "           .reset_index(drop=True)\n",
    "    )\n",
    "\n",
    "print(\"Runs après dédoublonnage par modèle :\", len(df_final))\n",
    "display(df_final)"
   ]
  },
  {
   "cell_type": "code",
   "execution_count": 5,
   "id": "1c387d7d",
   "metadata": {},
   "outputs": [
    {
     "name": "stdout",
     "output_type": "stream",
     "text": [
      "=== Ranking BUSINESS (min coût) ===\n"
     ]
    },
    {
     "data": {
      "text/html": [
       "<div>\n",
       "<style scoped>\n",
       "    .dataframe tbody tr th:only-of-type {\n",
       "        vertical-align: middle;\n",
       "    }\n",
       "\n",
       "    .dataframe tbody tr th {\n",
       "        vertical-align: top;\n",
       "    }\n",
       "\n",
       "    .dataframe thead th {\n",
       "        text-align: right;\n",
       "    }\n",
       "</style>\n",
       "<table border=\"1\" class=\"dataframe\">\n",
       "  <thead>\n",
       "    <tr style=\"text-align: right;\">\n",
       "      <th></th>\n",
       "      <th>model</th>\n",
       "      <th>model_type</th>\n",
       "      <th>auc</th>\n",
       "      <th>auc_std</th>\n",
       "      <th>recall</th>\n",
       "      <th>recall_std</th>\n",
       "      <th>f1</th>\n",
       "      <th>f1_std</th>\n",
       "      <th>f3</th>\n",
       "      <th>f3_std</th>\n",
       "      <th>business_cost</th>\n",
       "      <th>business_cost_std</th>\n",
       "      <th>time_sec</th>\n",
       "      <th>threshold_fixed</th>\n",
       "      <th>run_id</th>\n",
       "    </tr>\n",
       "  </thead>\n",
       "  <tbody>\n",
       "    <tr>\n",
       "      <th>0</th>\n",
       "      <td>LightGBM</td>\n",
       "      <td>boosting</td>\n",
       "      <td>0.782745</td>\n",
       "      <td>0.005089</td>\n",
       "      <td>0.653852</td>\n",
       "      <td>0.012666</td>\n",
       "      <td>0.302392</td>\n",
       "      <td>0.005379</td>\n",
       "      <td>0.530527</td>\n",
       "      <td>0.009920</td>\n",
       "      <td>21311.4</td>\n",
       "      <td>456.538542</td>\n",
       "      <td>522.616138</td>\n",
       "      <td>0.5</td>\n",
       "      <td>835f4e494920416797ac8122cf3003ec</td>\n",
       "    </tr>\n",
       "    <tr>\n",
       "      <th>1</th>\n",
       "      <td>XGBoost</td>\n",
       "      <td>boosting</td>\n",
       "      <td>0.782161</td>\n",
       "      <td>0.005322</td>\n",
       "      <td>0.642746</td>\n",
       "      <td>0.013949</td>\n",
       "      <td>0.303637</td>\n",
       "      <td>0.006421</td>\n",
       "      <td>0.525389</td>\n",
       "      <td>0.011238</td>\n",
       "      <td>21420.4</td>\n",
       "      <td>521.001958</td>\n",
       "      <td>557.525760</td>\n",
       "      <td>0.5</td>\n",
       "      <td>b9ec0a1ffa7e40ad923d5f78edd6a315</td>\n",
       "    </tr>\n",
       "    <tr>\n",
       "      <th>2</th>\n",
       "      <td>LogisticRegression</td>\n",
       "      <td>sklearn</td>\n",
       "      <td>0.771029</td>\n",
       "      <td>0.003856</td>\n",
       "      <td>0.694941</td>\n",
       "      <td>0.007970</td>\n",
       "      <td>0.279162</td>\n",
       "      <td>0.001735</td>\n",
       "      <td>0.535436</td>\n",
       "      <td>0.004773</td>\n",
       "      <td>22014.4</td>\n",
       "      <td>197.338896</td>\n",
       "      <td>17677.128699</td>\n",
       "      <td>0.5</td>\n",
       "      <td>e5785bf834d14c189d43e4be84d9f509</td>\n",
       "    </tr>\n",
       "    <tr>\n",
       "      <th>3</th>\n",
       "      <td>CatBoost</td>\n",
       "      <td>boosting</td>\n",
       "      <td>0.769348</td>\n",
       "      <td>0.006078</td>\n",
       "      <td>0.696668</td>\n",
       "      <td>0.012290</td>\n",
       "      <td>0.276256</td>\n",
       "      <td>0.004383</td>\n",
       "      <td>0.534102</td>\n",
       "      <td>0.008960</td>\n",
       "      <td>22173.8</td>\n",
       "      <td>435.234374</td>\n",
       "      <td>414.024441</td>\n",
       "      <td>0.5</td>\n",
       "      <td>5730e10f985d4bb28946737d903061bc</td>\n",
       "    </tr>\n",
       "    <tr>\n",
       "      <th>4</th>\n",
       "      <td>MLP</td>\n",
       "      <td>sklearn</td>\n",
       "      <td>0.757326</td>\n",
       "      <td>0.010308</td>\n",
       "      <td>0.018414</td>\n",
       "      <td>0.008562</td>\n",
       "      <td>0.035242</td>\n",
       "      <td>0.016231</td>\n",
       "      <td>0.020358</td>\n",
       "      <td>0.009455</td>\n",
       "      <td>34178.2</td>\n",
       "      <td>263.050870</td>\n",
       "      <td>2635.282503</td>\n",
       "      <td>0.5</td>\n",
       "      <td>80afb0aae0fb4789b0adabb421178a64</td>\n",
       "    </tr>\n",
       "    <tr>\n",
       "      <th>5</th>\n",
       "      <td>RandomForest</td>\n",
       "      <td>sklearn</td>\n",
       "      <td>0.743083</td>\n",
       "      <td>0.005828</td>\n",
       "      <td>0.000000</td>\n",
       "      <td>0.000000</td>\n",
       "      <td>0.000000</td>\n",
       "      <td>0.000000</td>\n",
       "      <td>0.000000</td>\n",
       "      <td>0.000000</td>\n",
       "      <td>34754.0</td>\n",
       "      <td>4.898979</td>\n",
       "      <td>1438.236524</td>\n",
       "      <td>0.5</td>\n",
       "      <td>632478405a6147a6b9f9a1c819009a2f</td>\n",
       "    </tr>\n",
       "  </tbody>\n",
       "</table>\n",
       "</div>"
      ],
      "text/plain": [
       "                model model_type       auc   auc_std    recall  recall_std  \\\n",
       "0            LightGBM   boosting  0.782745  0.005089  0.653852    0.012666   \n",
       "1             XGBoost   boosting  0.782161  0.005322  0.642746    0.013949   \n",
       "2  LogisticRegression    sklearn  0.771029  0.003856  0.694941    0.007970   \n",
       "3            CatBoost   boosting  0.769348  0.006078  0.696668    0.012290   \n",
       "4                 MLP    sklearn  0.757326  0.010308  0.018414    0.008562   \n",
       "5        RandomForest    sklearn  0.743083  0.005828  0.000000    0.000000   \n",
       "\n",
       "         f1    f1_std        f3    f3_std  business_cost  business_cost_std  \\\n",
       "0  0.302392  0.005379  0.530527  0.009920        21311.4         456.538542   \n",
       "1  0.303637  0.006421  0.525389  0.011238        21420.4         521.001958   \n",
       "2  0.279162  0.001735  0.535436  0.004773        22014.4         197.338896   \n",
       "3  0.276256  0.004383  0.534102  0.008960        22173.8         435.234374   \n",
       "4  0.035242  0.016231  0.020358  0.009455        34178.2         263.050870   \n",
       "5  0.000000  0.000000  0.000000  0.000000        34754.0           4.898979   \n",
       "\n",
       "       time_sec  threshold_fixed                            run_id  \n",
       "0    522.616138              0.5  835f4e494920416797ac8122cf3003ec  \n",
       "1    557.525760              0.5  b9ec0a1ffa7e40ad923d5f78edd6a315  \n",
       "2  17677.128699              0.5  e5785bf834d14c189d43e4be84d9f509  \n",
       "3    414.024441              0.5  5730e10f985d4bb28946737d903061bc  \n",
       "4   2635.282503              0.5  80afb0aae0fb4789b0adabb421178a64  \n",
       "5   1438.236524              0.5  632478405a6147a6b9f9a1c819009a2f  "
      ]
     },
     "metadata": {},
     "output_type": "display_data"
    }
   ],
   "source": [
    "if \"business_cost\" in df_final.columns:\n",
    "    ranking_business = (\n",
    "        df_final.sort_values(\n",
    "            by=[\"business_cost\", \"recall\", \"auc\", \"time_sec\"],\n",
    "            ascending=[True, False, False, True],\n",
    "        )\n",
    "        .reset_index(drop=True)\n",
    "    )\n",
    "\n",
    "    print(\"=== Ranking BUSINESS (min coût) ===\")\n",
    "    display(ranking_business)\n",
    "else:\n",
    "    print(\"Pas de colonne business_cost dans les runs -> impossible de classer par coût.\")"
   ]
  },
  {
   "cell_type": "code",
   "execution_count": 6,
   "id": "5eba6fd7",
   "metadata": {},
   "outputs": [
    {
     "name": "stdout",
     "output_type": "stream",
     "text": [
      "=== Ranking TECHNIQUE (max AUC) ===\n"
     ]
    },
    {
     "data": {
      "text/html": [
       "<div>\n",
       "<style scoped>\n",
       "    .dataframe tbody tr th:only-of-type {\n",
       "        vertical-align: middle;\n",
       "    }\n",
       "\n",
       "    .dataframe tbody tr th {\n",
       "        vertical-align: top;\n",
       "    }\n",
       "\n",
       "    .dataframe thead th {\n",
       "        text-align: right;\n",
       "    }\n",
       "</style>\n",
       "<table border=\"1\" class=\"dataframe\">\n",
       "  <thead>\n",
       "    <tr style=\"text-align: right;\">\n",
       "      <th></th>\n",
       "      <th>model</th>\n",
       "      <th>model_type</th>\n",
       "      <th>auc</th>\n",
       "      <th>auc_std</th>\n",
       "      <th>recall</th>\n",
       "      <th>recall_std</th>\n",
       "      <th>f1</th>\n",
       "      <th>f1_std</th>\n",
       "      <th>f3</th>\n",
       "      <th>f3_std</th>\n",
       "      <th>business_cost</th>\n",
       "      <th>business_cost_std</th>\n",
       "      <th>time_sec</th>\n",
       "      <th>threshold_fixed</th>\n",
       "      <th>run_id</th>\n",
       "    </tr>\n",
       "  </thead>\n",
       "  <tbody>\n",
       "    <tr>\n",
       "      <th>0</th>\n",
       "      <td>LightGBM</td>\n",
       "      <td>boosting</td>\n",
       "      <td>0.782745</td>\n",
       "      <td>0.005089</td>\n",
       "      <td>0.653852</td>\n",
       "      <td>0.012666</td>\n",
       "      <td>0.302392</td>\n",
       "      <td>0.005379</td>\n",
       "      <td>0.530527</td>\n",
       "      <td>0.009920</td>\n",
       "      <td>21311.4</td>\n",
       "      <td>456.538542</td>\n",
       "      <td>522.616138</td>\n",
       "      <td>0.5</td>\n",
       "      <td>835f4e494920416797ac8122cf3003ec</td>\n",
       "    </tr>\n",
       "    <tr>\n",
       "      <th>1</th>\n",
       "      <td>XGBoost</td>\n",
       "      <td>boosting</td>\n",
       "      <td>0.782161</td>\n",
       "      <td>0.005322</td>\n",
       "      <td>0.642746</td>\n",
       "      <td>0.013949</td>\n",
       "      <td>0.303637</td>\n",
       "      <td>0.006421</td>\n",
       "      <td>0.525389</td>\n",
       "      <td>0.011238</td>\n",
       "      <td>21420.4</td>\n",
       "      <td>521.001958</td>\n",
       "      <td>557.525760</td>\n",
       "      <td>0.5</td>\n",
       "      <td>b9ec0a1ffa7e40ad923d5f78edd6a315</td>\n",
       "    </tr>\n",
       "    <tr>\n",
       "      <th>2</th>\n",
       "      <td>LogisticRegression</td>\n",
       "      <td>sklearn</td>\n",
       "      <td>0.771029</td>\n",
       "      <td>0.003856</td>\n",
       "      <td>0.694941</td>\n",
       "      <td>0.007970</td>\n",
       "      <td>0.279162</td>\n",
       "      <td>0.001735</td>\n",
       "      <td>0.535436</td>\n",
       "      <td>0.004773</td>\n",
       "      <td>22014.4</td>\n",
       "      <td>197.338896</td>\n",
       "      <td>17677.128699</td>\n",
       "      <td>0.5</td>\n",
       "      <td>e5785bf834d14c189d43e4be84d9f509</td>\n",
       "    </tr>\n",
       "    <tr>\n",
       "      <th>3</th>\n",
       "      <td>CatBoost</td>\n",
       "      <td>boosting</td>\n",
       "      <td>0.769348</td>\n",
